1 0.49921875 0.45703125 0.99375 0.91171875
1 0.48359375 0.7015625 0.23046875 0.2328125
1 0.41953125 0.3640625 0.12578125 0.1703125
1 0.29140625 0.62578125 0.09921875 0.11640625
1 0.77109375 0.09765625 0.18671875 0.19453125
1 0.11796875 0.725 0.22109375 0.22265625
1 0.27109375 0.84375 0.23203125 0.1265625
1 0.596875 0.16171875 0.128125 0.14140625
1 0.76875 0.8265625 0.24296875 0.16328125
1 0.9 0.38515625 0.196875 0.3484375
1 0.46015625 0.4234375 0.2671875 0.29609375
1 0.040625 0.15546875 0.08046875 0.24609375
0 0.3203125 0.4578125 0.0953125 0.15625