1 0.62734375 0.39296875 0.16015625 0.5203125
1 0.4984375 0.4984375 0.99296875 0.98984375
1 0.48125 0.28359375 0.190625 0.546875
1 0.73515625 0.5234375 0.15546875 0.5265625
1 0.846875 0.7015625 0.2 0.5703125
1 0.0828125 0.36015625 0.165625 0.48671875
1 0.409375 0.61796875 0.11328125 0.23671875
1 0.27265625 0.35 0.0984375 0.253125
1 0.95859375 0.71640625 0.0796875 0.33359375
1 0.3703125 0.0765625 0.13515625 0.153125
1 0.63359375 0.76796875 0.09765625 0.25703125
1 0.90703125 0.11796875 0.1359375 0.2359375
1 0.74296875 0.0734375 0.12109375 0.146875
1 0.9484375 0.45859375 0.09765625 0.3703125
1 0.37421875 0.1796875 0.1453125 0.359375
1 0.02734375 0.6640625 0.0546875 0.284375
1 0.7703125 0.55703125 0.44609375 0.853125