1 0.4984375 0.496875 0.996875 0.99296875
1 0.24921875 0.34609375 0.29921875 0.35703125
1 0.0796875 0.70625 0.159375 0.35
1 0.46875 0.884375 0.35625 0.21640625
1 0.73515625 0.496875 0.08515625 0.16796875
1 0.31015625 0.7203125 0.08515625 0.12578125
1 0.96171875 0.1296875 0.07109375 0.25859375
1 0.6265625 0.2796875 0.21640625 0.265625
1 0.5828125 0.49296875 0.0765625 0.1890625
1 0.51875 0.62265625 0.08515625 0.19609375
1 0.44609375 0.55234375 0.2078125 0.29375
1 0.45703125 0.3078125 0.06015625 0.0703125
1 0.57421875 0.06640625 0.0765625 0.1328125
1 0.47421875 0.14296875 0.07109375 0.1328125
1 0.8234375 0.3671875 0.19375 0.30078125
1 0.21796875 0.496875 0.4359375 0.99296875