1 0.5359375 0.49609375 0.65234375 0.95234375
1 0.590625 0.37578125 0.17421875 0.08828125
1 0.465625 0.2359375 0.15234375 0.0921875
1 0.8109375 0.709375 0.10234375 0.1140625
1 0.42265625 0.50625 0.0859375 0.084375
1 0.5546875 0.92265625 0.12578125 0.08203125
1 0.7546875 0.51171875 0.0703125 0.0921875
1 0.66171875 0.509375 0.084375 0.08203125
1 0.73125 0.0703125 0.11015625 0.0796875
1 0.56328125 0.51796875 0.065625 0.084375
1 0.484375 0.0671875 0.171875 0.0859375
1 0.33984375 0.06171875 0.1078125 0.0796875