1 0.4984375 0.49609375 0.996875 0.9921875
1 0.62421875 0.3796875 0.153125 0.51875
1 0.08046875 0.39375 0.1609375 0.609375
1 0.48046875 0.278125 0.19296875 0.55625
1 0.84765625 0.69921875 0.1984375 0.57109375
1 0.734375 0.51875 0.15625 0.5265625
1 0.27265625 0.34609375 0.10078125 0.25546875
1 0.9578125 0.71015625 0.0796875 0.353125
1 0.37265625 0.075 0.14296875 0.15
1 0.63515625 0.76328125 0.0953125 0.2484375
1 0.7265625 0.075 0.16640625 0.15
1 0.3796875 0.1765625 0.16640625 0.353125
1 0.946875 0.4546875 0.10078125 0.353125
1 0.13828125 0.08984375 0.1671875 0.1796875