1 0.59453125 0.3265625 0.57421875 0.5453125
1 0.953125 0.4546875 0.090625 0.13671875
1 0.03515625 0.46328125 0.0703125 0.140625
1 0.18203125 0.3796875 0.03125 0.04765625
1 0.2515625 0.1390625 0.03125 0.05234375
1 0.2859375 0.4390625 0.0296875 0.04921875
1 0.60546875 0.6671875 0.03984375 0.046875
1 0.22421875 0.18203125 0.02734375 0.0421875
1 0.3015625 0.2046875 0.0421875 0.04765625
1 0.89453125 0.86640625 0.03515625 0.06171875
1 0.0140625 0.6453125 0.028125 0.09765625
1 0.93828125 0.33515625 0.05390625 0.06484375
1 0.11015625 0.6578125 0.0390625 0.04921875
1 0.25390625 0.41875 0.034375 0.040625
1 0.80859375 0.8796875 0.034375 0.05
1 0.31640625 0.18046875 0.03984375 0.05078125
1 0.15078125 0.3578125 0.034375 0.0421875
1 0.28125 0.2828125 0.0265625 0.03203125
1 0.1140625 0.403125 0.02109375 0.0375